Avec R=10k

4
21897.708984,-6538.155273,0.962069
6737.364746,-2094.301270,0.982323
12875.481445,-3883.390625,0.984707
9015.477539,-2719.821777,0.983721
7
0.301182,50.000000
0.301216,100.000000
0.305472,200.000000
0.318395,500.000000
0.361582,1000.000000
0.376896,2000.000000
0.301159,1.000000
5
0.328704,200.000000
0.401506,500.000000
0.488788,1000.000000
0.583388,2000.000000
0.301182,1.000000
5
0.310102,200.000000
0.342275,500.000000
0.396236,1000.000000
0.445707,2000.000000
0.301182,1.000000
5
0.318954,200.000000
0.352159,500.000000
0.439150,1000.000000
0.507421,2000.000000
0.301250,1.000000

R=47k

4
4908.963867,-1406.228516,0.979707
2747.972656,-787.390137,0.968903
2871.030762,-876.026062,0.980710
2619.072754,-707.609558,0.989166
8
0.302412,50.000000
0.302606,100.000000
0.303490,200.000000
0.356078,300.000000
0.366015,500.000000
0.543663,1000.000000
0.660611,2000.000000
0.302412,1.000000
6
0.302423,100.000000
0.302423,200.000000
0.405968,300.000000
0.491400,400.000000
0.738144,1000.000000
0.934470,2000.000000
6
0.302446,100.000000
0.338309,200.000000
0.417253,300.000000
0.519615,400.000000
0.692161,1000.000000
0.954198,2000.000000
6
0.323219,200.000000
0.302526,100.000000
0.396688,300.000000
0.410825,400.000000
0.725689,1000.000000
0.989364,2000.000000